1 0.163439 0.0775952 0.103873 0.176056
1 0.105243 0.389019 0.147887 0.204225
1 0.0905712 0.554251 0.0950704 0.211268
1 0.216843 0.318988 0.0580986 0.0798122
1 0.296851 0.32903 0.0616197 0.110329
1 0.182707 0.513693 0.0915493 0.213615
1 0.307023 0.46192 0.0545775 0.0892019
1 0.270149 0.386281 0.137324 0.0892019
1 0.402876 0.405973 0.125 0.133803
1 0.484448 0.318988 0.100352 0.126761
1 0.598885 0.416275 0.223592 0.159624
1 0.763987 0.420579 0.103873 0.152582
1 0.893486 0.410929 0.132042 0.0915493
1 0.485915 0.640975 0.0915493 0.0821596
1 0.487774 0.559598 0.040493 0.138498
1 0.57766 0.460355 0.0246479 0.399061
1 0.617664 0.447574 0.0264085 0.347418
1 0.64241 0.454617 -0.0140845 0.408451
1 0.673807 0.441836 0.0369718 0.403756
1 0.746577 0.44927 0.0299296 0.434272
1 0.788537 0.443792 0.0316901 0.438967
1 0.84507 0.485133 0.0352113 0.469484
1 0.895246 0.468832 0.0299296 0.410798
