1 0.0670871 0.382353 0.077634 0.133005
1 0.137056 0.387786 0.0609982 0.12069
1 0.112917 0.503405 0.186691 0.189655
1 0.289823 0.457766 0.15342 0.115764
1 0.299826 0.532599 0.064695 0.433498
1 0.35517 0.395175 0.0536044 0.135468
1 0.435686 0.450304 0.114603 0.118227
1 0.585571 0.441611 0.15342 0.118227
1 0.429107 0.525283 0.0536044 0.401478
1 0.576221 0.508258 0.160813 0.315271
1 0.736055 0.365981 0.123845 0.08867
1 0.704251 0.524051 0.077634 0.20197
1 0.793683 0.554549 0.0868762 0.23399
1 0.827335 0.465807 0.194085 0.0738916
1 0.927422 0.590771 0.0499076 0.283251
1 0.894857 0.677992 0.110906 0.115764
1 0.506741 0.717401 0.208872 0.0960591
