1 0.102705 0.407922 0.0819964 0.491686
1 0.1663 0.403242 0.0641711 0.465558
1 0.231939 0.401705 0.057041 0.451306
1 0.300042 0.398561 0.0338681 0.43943
1 0.34492 0.46479 0.0481283 0.258907
1 0.394044 0.35853 0.0499109 0.370546
1 0.427283 0.270644 -0.0178253 0.194774
1 0.486998 0.225024 0.030303 0.125891
1 0.524851 0.427763 0.14795 0.330166
1 0.567055 0.548694 0.370766 0.147268
1 0.666509 0.468912 0.087344 0.133017
1 0.555311 0.202808 0.0998217 0.0926366
1 0.510695 0.684575 0.237077 0.111639
1 0.734508 0.844767 0.445633 0.275534
1 0.412813 0.942783 0.360071 0.130641
1 0.827461 0.537725 0.0695187 0.287411
1 0.926025 0.544781 0.0695187 0.31829
1 0.981231 0.439849 0.0499109 0.114014
1 0.86846 0.257859 0.0802139 0.102138
