1 0.212132 0.41573 0.17735 0.0930979
1 0.196225 0.502586 0.207265 0.070626
1 0.451448 0.256911 0.100427 0.046549
1 0.516026 0.306403 0.17735 0.070626
1 0.684117 0.208846 0.100427 0.0609952
1 0.841643 0.229267 0.106838 0.0626003
1 0.904796 0.3229 0.123932 0.0786517
1 0.731125 0.314072 0.0662393 0.0288925
1 0.078585 0.305957 0.0811966 0.0304976
1 0.206078 0.290976 0.0940171 0.0433387
1 0.289174 0.321652 0.0512821 0.0369181
1 0.311016 0.214821 0.0854701 0.0658106
1 0.606838 0.124844 0.102564 0.0642055
1 0.0668329 0.635634 0.143162 0.11557
1 0.0487892 0.771179 0.126068 0.0834671
1 0.196106 0.923934 0.401709 0.17496
1 0.321106 0.653469 0.181624 0.147673
1 0.707265 0.65222 0.559829 0.0786517
1 0.686254 0.730605 0.104701 0.05939
