1 0.653946 0.308671 0.107335 0.171838
1 0.285728 0.0674887 0.0626118 0.145585
1 0.239217 0.330814 0.148479 0.0835322
1 0.212781 0.235614 0.0518784 0.0787589
1 0.0806997 0.515248 0.0858676 0.272076
1 0.168257 0.506497 0.0661896 0.190931
1 0.244285 0.489393 0.0751342 0.188544
1 0.310972 0.463405 0.0733453 0.178998
1 0.425959 0.383453 0.168157 0.114558
1 0.531405 0.304296 0.0769231 0.131265
1 0.393262 0.516441 0.059034 0.131265
1 0.467402 0.534076 0.0483005 0.171838
1 0.56132 0.583665 0.128801 0.186158
1 0.675313 0.537125 0.09839 0.188544
