1 0.205491 0.458906 0.123552 0.115979
1 0.555341 0.433276 0.158301 0.0876289
1 0.338589 0.389891 0.102317 0.121134
1 0.390712 0.545103 0.129344 0.265464
1 0.22973 0.147623 0.0733591 0.100515
1 0.448413 0.105956 0.0559846 0.103093
1 0.717503 0.058992 0.135135 0.0721649
1 0.514264 0.509164 0.104247 0.371134
1 0.58698 0.518328 0.0714286 0.360825
1 0.637816 0.527062 0.0444015 0.332474
1 0.69423 0.537228 0.0328185 0.329897
1 0.743994 0.553408 0.0637066 0.373711
1 0.0523381 0.748568 0.100386 0.134021
1 0.218254 0.630298 0.144788 0.201031
1 0.24689 0.850659 0.0733591 0.0747423
